run_date,run_ts_utc,probe_experiment_status,probe_rows_today,probe_eligible_watch_rows_today,probe_trade_rows_today,probe_realized_rows,probe_avg_realized_r,probe_win_rate,probe_total_r,probe_max_drawdown_r,probe_kill_switch_status,kill_switch_triggered,permits_new_live_probe,samples_to_first_verdict,learning_loop_probe_split,split_ready,tracking_ok,probe_split_tests_passed,full_trade_probe_split_verified,realized_master_loaded,probe_split_version
2026-06-24,2026-06-24T10:09:46.612580+00:00,ACTIVE,0,0,0,0,0.0,,0.0,0.0,ACTIVE,False,True,30,READY,True,True,True,True,True,v4.14.22
